(セグメント情報等)【セグメント情報】１  報告セグメントの概要当社の報告セグメントは、当社の構成単位のうち分離された財務情報が入手可能であり、取締役会が、経営資源の配分の決定及び業績を評価するために、定期的に検討を行う対象となっているものであります。　当社は、計測器を生産・販売しており、国内においては当社及び東伸工業株式会社が、海外においては米国、韓国、中国等の各地域をKOKUSAI INC.（米国）、KOREA KOKUSAI CO.,LTD.（韓国）、高技国際計測器(上海)有限公司（中国）及びその他の現地法人が、それぞれ担当しております。現地法人はそれぞれ独立した経営単位であり、取り扱う製品全般について各地域の顧客に対しての販売活動を中心に事業を展開しております。したがって、当社は、生産・販売体制を基礎とした地域別のセグメントから構成されており、「日本」を「国際計測器株式会社」及び「東伸工業株式会社」に分けた上で、「米国」、「韓国」及び「中国」の５つを報告セグメントとしております。各報告セグメントでは、バランシングマシン、シャフト歪自動矯正機のほか、電気サーボモータ式振動試験機、材料試験機及びその他の製品を生産・販売しております。　２  報告セグメントごとの売上高、利益又は損失、資産、その他の項目の金額の算定方法報告されている事業セグメントの会計処理の方法は、「連結財務諸表作成のための基本となる重要な事項」における記載と概ね同一であります。報告セグメントの利益は、経常利益ベースの数値であります。セグメント間の内部収益及び振替高は市場実勢価格に基づいております。　３  報告セグメントごとの売上高、利益又は損失、資産、その他の項目の金額に関する情報前連結会計年度（自  2017年４月１日  至  2018年３月31日）（単位：千円）














 

報告セグメント

その他(注)

合計



日本

米国

韓国

中国

計



国際計測器株式会社

東伸工業株式会社



売上高

 

 

 

 

 

 

 

 



  外部顧客への売上高

8,147,324

653,227

1,085,330

1,043,931

474,772

11,404,588

77,019

11,481,607



  セグメント間の内部売上高又は振替高

492,256

－

3,997

701,717

195,807

1,393,778

89,283

1,483,062



計

8,639,581

653,227

1,089,328

1,745,648

670,580

12,798,366

166,302

12,964,669



セグメント利益又は損失（△）

1,491,703

△30,546

△21,634

218,897

△4,940

1,653,479

46,202

1,699,682



セグメント資産

11,036,666

639,979

1,160,701

2,330,510

813,645

15,981,502

254,420

16,235,923



その他の項目

 

 

 

 

 

 

 

 



  減価償却費

87,995

458

2,738

9,836

11,878

112,908

3,137

116,045



  受取利息

2,936

0

2,820

24,377

4,644

34,778

1,290

36,069



  支払利息

8,975

1,827

30

－

－

10,833

0

10,833



  有形固定資産及び無形固定資産の増加額

21,040

558

3,598

9,542

－

34,740

7,443

42,184


 
 (注) 「その他」の区分は、報告セグメントに含まれない事業セグメントであり、東南アジア及びヨーロッパ等の現地法人を含んでおります。　 当連結会計年度（自  2018年４月１日  至  2019年３月31日）（単位：千円）














 

報告セグメント

その他(注)

合計



日本

米国

韓国

中国

計



国際計測器株式会社

東伸工業株式会社



売上高

 

 

 

 

 

 

 

 



  外部顧客への売上高

8,165,582

306,369

775,640

751,152

433,117

10,431,862

114,402

10,546,264



  セグメント間の内部売上高又は振替高

370,387

8,900

10,214

982,246

178,017

1,549,765

61,848

1,611,614



計

8,535,969

315,269

785,854

1,733,399

611,134

11,981,627

176,251

12,157,878



セグメント利益又は損失（△）

696,263

△91,644

△50,085

295,502

105,672

955,709

44,451

1,000,161



セグメント資産

12,034,170

442,315

858,266

2,610,091

947,745

16,892,588

296,851

17,189,440



その他の項目

 

 

 

 

 

 

 

 



  減価償却費

89,769

537

3,150

10,963

11,659

116,080

3,546

119,627



  受取利息

2,687

0

8,659

29,159

2,519

43,026

1,204

44,230



  支払利息

8,604

1,668

－

－

－

10,273

－

10,273



  有形固定資産及び無形固定資産の増加額

56,533

430

2,879

5,085

1,090

66,018

2,906

68,924


 
 (注) 「その他」の区分は、報告セグメントに含まれない事業セグメントであり、東南アジア及びヨーロッパ等の現地法人を含んでおります。　４  報告セグメント合計額と連結財務諸表計上額との差額及び当該差額の主な内容（差異調整に関する事項）（単位：千円）








売上高

前連結会計年度

当連結会計年度



報告セグメント計

12,798,366

11,981,627



「その他」の区分の売上高

166,302

176,251



セグメント間取引消去

△1,483,062

△1,611,614



連結財務諸表の売上高

11,481,607

10,546,264


 
　（単位：千円）








利益

前連結会計年度

当連結会計年度



報告セグメント計

1,653,479

955,709



「その他」の区分の利益

46,202

44,451



セグメント間取引消去等（注）

△298,831

△272,519



連結財務諸表の経常利益

1,400,850

727,641


 
(注) セグメント間取引消去等には、セグメント間の受取配当金が当連結会計年度については280,283千円、前連結会計年度については334,227千円含まれております。　（単位：千円）








資産

前連結会計年度

当連結会計年度



報告セグメント計

15,981,502

16,892,588



「その他」の区分の資産

254,420

296,851



配分していない全社資産（注）

584,808

400,425



その他の調整額

△739,324

△657,270



連結財務諸表の資産合計

16,081,406

16,932,595


 
(注) 配分していない全社資産は、当社での長期投資資金（投資有価証券）であります。　 （単位：千円）














その他の項目

報告セグメント計

その他

調整額

連結財務諸表計上額



前連結会計年度

当連結会計年度

前連結会計年度

当連結会計年度

前連結会計年度

当連結会計年度

前連結会計年度

当連結会計年度



減価償却費

112,908

116,080

3,137

3,546

－

－

116,045

119,627



受取利息

34,778

43,026

1,290

1,204

△145

－

35,923

44,230



支払利息

10,833

10,273

0

－

△145

－

10,688

10,273



有形固定資産及び無形固定資産の増加額

34,740

66,018

7,443

2,906

－

－

42,184

68,924


 
　【関連情報】前連結会計年度（自  2017年４月１日  至  2018年３月31日）１  製品及びサービスごとの情報（単位：千円）












 

日本

米国

韓国

中国

その他

合計



バランシングマシン

5,677,829

700,734

701,118

238,662

36,175

7,354,519



電気サーボモータ式振動試験機

1,417,483

106,234

152,152

6,366

1,832

1,684,069



材料試験機

653,227

－

－

－

－

653,227



シャフト歪自動矯正機

302,691

47,230

129,579

148,969

－

628,470



その他

749,320

231,131

61,082

80,775

39,011

1,161,320



合計

8,800,552

1,085,330

1,043,931

474,772

77,019

11,481,607


 
 ２  地域ごとの情報(1) 売上高（単位：千円）











日本

米州

韓国

中国

その他

合計



3,518,977

1,327,368

1,157,693

2,907,193

2,570,374

11,481,607


 
(注) 売上高は顧客の所在地を基礎とし、国又は地域に分類しております。 (2) 有形固定資産（単位：千円）











日本

米国

韓国

中国

その他

合計



2,423,450

5,834

166,052

92,021

9,812

2,697,171


 
 ３  主要な顧客ごとの情報外部顧客への売上高のうち、連結損益計算書の売上高の10％以上を占める相手先がないため、記載はありません。 当連結会計年度（自  2018年４月１日  至  2019年３月31日）１  製品及びサービスごとの情報（単位：千円）












 

日本

米国

韓国

中国

その他

合計



バランシングマシン

5,228,910

373,424

 273,713

235,762

26,317

 6,138,129



電気サーボモータ式振動試験機

1,599,333

 48,342

 298,302

 5,989

－

 1,951,967



材料試験機

 306,369

－

－

－

－

 306,369



シャフト歪自動矯正機

 591,937

36,467

131,486

 103,249

 17,459

 880,599



その他

 745,401

317,406

47,650

 88,115

 70,625

1,269,198



合計

8,471,951

775,640

 751,152

 433,117

 114,402

10,546,264


 
  ２  地域ごとの情報(1) 売上高（単位：千円）











日本

米州

韓国

中国

その他

合計



3,725,055

885,165

 1,017,162

 2,649,488

 2,269,392

10,546,264


 
(注) 売上高は顧客の所在地を基礎とし、国又は地域に分類しております。 (2) 有形固定資産（単位：千円）











日本

米国

韓国

中国

その他

合計



 2,390,749

5,451

 155,837

 78,605

 9,342

 2,639,986


 
 ３  主要な顧客ごとの情報外部顧客への売上高のうち、連結損益計算書の売上高の10％以上を占める相手先がないため、記載はありません。 【報告セグメントごとの固定資産の減損損失に関する情報】前連結会計年度（自  2017年４月１日  至  2018年３月31日）該当事項はありません。　当連結会計年度（自  2018年４月１日  至  2019年３月31日）該当事項はありません。　【報告セグメントごとののれんの償却額及び未償却残高に関する情報】前連結会計年度（自  2017年４月１日  至  2018年３月31日）該当事項はありません。　当連結会計年度（自  2018年４月１日  至  2019年３月31日）該当事項はありません。　【報告セグメントごとの負ののれん発生益に関する情報】前連結会計年度（自  2017年４月１日  至  2018年３月31日）該当事項はありません。　当連結会計年度（自  2018年４月１日  至  2019年３月31日）該当事項はありません。　