（セグメント情報等）
【セグメント情報】
１．報告セグメントの概要
　当社グループの報告セグメントは、当社グループの構成単位のうち分離された財務諸表が入手可能であり、取締役会が、経営資源の配分の決定及び業績を評価するために、定期的に検討を行う対象となっております。
　当社グループは国内及び海外における各種商品の売買を主要事業とし、これらの商品の製造・加工・販売、事業投資、サービスの提供などの事業に携わっており、取扱商品またはサービス内容に応じて、金属、グローバル部品・ロジスティクス、自動車、機械・エネルギー・プラントプロジェクト、化学品・エレクトロニクス、食料、生活産業の７営業本部に関係する事業として区分しております。また、それぞれの事業は、当社の営業本部及び営業本部直轄の関係会社により推進しております。
　各本部の事業内容は次のとおりであります。
 
（1）金属本部
　当本部においては、普通鋼、特殊鋼、建設鋼材、非鉄金属地金、貴金属地金、軽圧品、伸銅品、鉄くず、非鉄金属くず、合金鉄、銑鉄、使用済み自動車・廃触媒、レアアース・レアメタルを主要取扱品目として、加工・製造・処理・販売他を行っております。
 
（2）グローバル部品・ロジスティクス本部
　当本部においては、自動車用構成部品を主要取扱品目として製造・販売・サービスを行うほか、物流事業、タイヤ組付事業を行っております。
 
（3）自動車本部
　当本部においては、乗用車、商用車、軽四輪自動車、二輪車、トラック、バス、車両部品を主要取扱品目として、販売・サービス他を行っております。
 
（4）機械・エネルギー・プラントプロジェクト本部
　当本部においては、工作機械、産業機械、繊維機械、試験計測機器、電子装置、環境設備、産業車輌、建設機械、石油製品、液化石油ガス、石炭、原油、石油ガス・天然ガス製品、プラントを主要取扱品目として、販売・サービス他を行うほか、エネルギー・電力供給事業等を行っております。
 
（5）化学品・エレクトロニクス本部
　当本部においては、情報通信機器、電子デバイス、半導体、自動車組込ソフト開発、電子装置、ネットワーク構築・運営、パソコン・周辺機器及び各種ソフトウェア、自動車用構成部品、ＩＴＳ（インテリジェント トランスポート システムズ）機器の販売・サービス他を行うほか、有機化学品、精密・無機化学品、機能化学品、油脂化学品、合成樹脂、添加剤、電池・電子材料、医薬品、医薬品原料を主要取扱品目として、加工・製造・販売・サービス他を行っております。
 
（6）食料本部
　当本部においては、飼料原料、穀物、加工食品、食品原料、農水畜産物、酒類を主要取扱品目として、製造・加工・販売・サービス他を行っております。
 
（7）生活産業本部
　当本部においては、マンション・商業ビル施設、建築・土木資材、住宅資材、家具、繊維原料、衣料品、インテリア製品、寝装用品、繊維製品、繊維資材、損害・生命保険、光触媒、シニア関連商品、証券仲介を主要取扱品目として、販売・サービス他を行っております。
 
２．報告セグメントごとの売上高、利益又は損失、資産その他の項目の金額の算定方法
　報告されている事業セグメントの会計処理の方法は、「連結財務諸表作成のための基本となる重要な事項」における記載と同一であります。
 
３．報告セグメントごとの売上高、利益又は損失、資産その他の項目の金額に関する情報
　前連結会計年度（自  平成25年４月１日  至  平成26年３月31日）



































 


 


 


 


 


 


 


 


 


 


 



（単位：百万円）





 



報告セグメント




その他


（注）１




合計




調整額


（注）２




連結


財務諸表


計上額


（注）３





 



金属




グローバル部品・ロジスティクス




自動車




機械・エネルギー・プラントプロジェクト




化学品・エレクトロニクス




食料




生活産業




計






売上高



 


 


 


 


 


 


 


 


 


 


 


 





外部顧客への売上高




1,828,281




891,606




1,298,042




1,526,737




1,706,508




319,878




169,535




7,740,590




2,647




7,743,237




－




7,743,237






セグメント間の内部売上高又は振替高




714




3,173




51




401




5,483




106




785




10,715




462




11,178




△11,178




－






計




1,828,995




894,780




1,298,094




1,527,138




1,711,992




319,985




170,320




7,751,306




3,109




7,754,415




△11,178




7,743,237






セグメント利益又は損失(△)




43,668




22,991




39,643




23,826




27,363




5,542




7,507




170,544




△9,307




161,236




84




161,321






セグメント資産




765,858




317,104




713,526




607,467




777,040




186,042




113,462




3,480,501




730,900




4,211,402




△138,673




4,072,728






その他の項目



 


 


 


 


 


 


 


 


 


 


 


 





(1)減価償却費




9,388




5,703




17,460




15,191




6,244




3,551




1,745




59,286




5,607




64,893




－




64,893






(2)のれん償却費




92




157




11,630




4,939




11,332




5,377




1,291




34,821




357




35,179




－




35,179






(3)減損損失




－




－




－




6,222




158




－




－




6,381




300




6,681




－




6,681






(4)のれん未償却残高




63




274




110,852




13,716




48,121




27,429




1,482




201,940




918




202,858




－




202,858






(5)持分法適用会社への投資額




14,033




18,521




23,289




56,947




58,075




11,591




5,274




187,734




13,340




201,074




－




201,074






(6)有形固定資産及び無形固定資産の増加額




8,380




5,060




22,348




40,594




5,036




6,629




1,447




89,497




9,141




98,638




－




98,638






（注）１．「その他」の区分は報告セグメントに含まれない事業セグメントであり、グループ全体の業務支援を行う職能部門を含んでおります。
　　　２．セグメント利益又は損失及びセグメント資産の調整額には、主にセグメント間取引額を表示しております。
　　　３．セグメント利益又は損失は、連結財務諸表の営業利益と調整を行っております。
 
　当連結会計年度（自  平成26年４月１日  至  平成27年３月31日）



































 


 


 


 


 


 


 


 


 


 


 



（単位：百万円）





 



報告セグメント




その他


（注）１




合計




調整額


（注）２




連結


財務諸表


計上額


（注）３





 



金属




グローバル部品・ロジスティクス




自動車




機械・エネルギー・プラントプロジェクト




化学品・エレクトロニクス




食料




生活産業




計






売上高



 


 


 


 


 


 


 


 


 


 


 


 





外部顧客への売上高




1,961,003




927,515




1,306,528




1,948,123




1,947,515




410,409




160,144




8,661,240




2,220




8,663,460




－




8,663,460






セグメント間の内部売上高又は振替高




943




3,308




169




1,304




5,845




130




739




12,441




507




12,949




△12,949




－






計




1,961,947




930,824




1,306,697




1,949,427




1,953,360




410,540




160,883




8,673,681




2,728




8,676,409




△12,949




8,663,460






セグメント利益又は損失(△)




54,332




22,876




36,451




22,321




33,074




5,411




6,490




180,958




△11,132




169,825




△369




169,456






セグメント資産




862,651




328,027




730,225




697,826




827,764




221,433




105,179




3,773,107




900,227




4,673,334




△139,640




4,533,693






その他の項目



 


 


 


 


 


 


 


 


 


 


 


 





(1)減価償却費




11,116




6,241




20,450




16,421




7,155




3,953




1,864




67,203




6,150




73,354




－




73,354






(2)のれん償却費




35




－




12,582




4,918




11,785




5,549




747




35,618




437




36,055




－




36,055






(3)減損損失




87




387




－




2,878




366




51




46




3,818




124




3,942




－




3,942






(4)のれん未償却残高




30




320




100,803




8,644




37,380




21,990




768




169,939




708




170,647




－




170,647






(5)持分法適用会社への投資額




27,935




23,628




27,159




58,788




57,471




16,290




7,526




218,800




13,978




232,778




－




232,778






(6)有形固定資産及び無形固定資産の増加額




11,381




7,924




22,428




76,393




6,966




5,762




1,133




131,990




9,432




141,422




－




141,422






（注）１．「その他」の区分は報告セグメントに含まれない事業セグメントであり、グループ全体の業務支援を行う職能部門を含んでおります。
　　　２．セグメント利益又は損失及びセグメント資産の調整額には、主にセグメント間取引額を表示しております。
　　　３．セグメント利益又は損失は、連結財務諸表の営業利益と調整を行っております。
 
　　４．報告セグメントの変更等に関する事項
        当連結会計年度より、報告セグメントのうち、グローバル生産部品・ロジスティクスについては名称をグローバル部品・ロジスティクスに変更しております。これに伴い、前連結会計年度の報告セグメントを変更後の名称で表示しております。
【関連情報】
前連結会計年度（自  平成25年４月１日  至  平成26年３月31日）
１．製品及びサービスごとの情報
「１．報告セグメントの概要」を参照してください。
 
２．地域ごとの情報
(１)売上高　　　　　　　　　　　 （単位：百万円）


















日本




中国




その他




合計








2,662,475




1,116,173




3,964,589




7,743,237






　（注）売上高は顧客の所在地を基礎とし、国又は地域に分類しております。
 
(２)有形固定資産　  　           （単位：百万円）


















日本




米国




その他




合計








207,013




58,548




238,541




504,104






 
３．主要な顧客ごとの情報

　外部顧客への売上高のうち、特定の顧客への売上高が連結損益計算書の売上高の10％に満たないため、主要な顧客ごとの情報の記載を省略しております。

 
当連結会計年度（自  平成26年４月１日  至  平成27年３月31日）
１．製品及びサービスごとの情報
「１．報告セグメントの概要」を参照してください。
 
２．地域ごとの情報
(１)売上高　　　　　　　　　　　 （単位：百万円）


















日本




中国




その他




合計








2,660,758




1,158,013




4,844,689




8,663,460






　（注）売上高は顧客の所在地を基礎とし、国又は地域に分類しております。
 
(２)有形固定資産　  　           （単位：百万円）


















日本




米国




その他




合計








256,550




66,757




260,511




583,819






 
３．主要な顧客ごとの情報

　外部顧客への売上高のうち、特定の顧客への売上高が連結損益計算書の売上高の10％に満たないため、主要な顧客ごとの情報の記載を省略しております。

 
【報告セグメントごとの固定資産の減損損失に関する情報】
前連結会計年度（自  平成25年４月１日  至  平成26年３月31日）

　セグメント情報に同様の情報を開示しているため、記載を省略しております。

 
当連結会計年度（自  平成26年４月１日  至  平成27年３月31日）

　セグメント情報に同様の情報を開示しているため、記載を省略しております。

 
【報告セグメントごとののれんの償却額及び未償却残高に関する情報】
前連結会計年度（自  平成25年４月１日  至  平成26年３月31日）

　セグメント情報に同様の情報を開示しているため、記載を省略しております。

 
当連結会計年度（自  平成26年４月１日  至  平成27年３月31日）

　セグメント情報に同様の情報を開示しているため、記載を省略しております。

 
【報告セグメントごとの負ののれん発生益に関する情報】
前連結会計年度（自  平成25年４月１日  至  平成26年３月31日）

　該当事項はありません。

 
当連結会計年度（自  平成26年４月１日  至  平成27年３月31日）

　化学品・エレクトロニクスにおいて10,856百万円の負ののれん発生益を計上しております。これは、追加取得した子会社株式の取得原価が、追加取得により減少する少数株主持分を下回ったことにより発生したものであります。

 