５【従業員の状況】
(1）連結会社の状況











平成27年３月31日現在





 

















セグメントの名称


従業員数（人）




国内従業員数


海外従業員数


総従業員数






漁業・養殖事業


452
[146]


150
[33]


602
[179]




商事事業


1,625
[536]


779
[0]


2,404
[536]




海外事業


165
[152]


4,795
[6,863]


4,960
[7,015]




加工事業


2,573
[5,002]


117
[827]


2,690
[5,829]




物流事業


783
[165]


0
[0]


783
[165]




    報告セグメント計


5,598
[6,001]


5,841
[7,723]


11,439
[13,724]




その他


107
[9]


6
[0]


113
[9]




全社（共通）


251
[67]


0
[0]


251
[67]




合計


5,956
[6,077]


5,847
[7,723]


11,803
[13,800]





  （注）１．従業員数は就業人員であり、臨時従業員数は[  ]内に年間の平均人員を外数で記載しております。
        ２．全社（共通）として記載されている従業員数は、特定のセグメントに区分できない管理部門等に所属しているものであります。
３．前連結会計年度末に比べ従業員数が9,705名増加しておりますが、主な理由は当社が、平成26年４月１日付で当社の親会社であった㈱マルハニチロホールディングスを吸収合併したことにより、同社の連結子会社を引き継いだことによるものであります。
 

(2）提出会社の状況












平成27年３月31日現在





 

















従業員数（人）


平均年令（歳）


平均勤続年数（年）


平均年間給与（円）






1,584
[2,145]


40.8


15.1


6,920,589





 

















セグメントの名称


従業員数（人）




国内従業員数


海外従業員数


総従業員数






漁業・養殖事業


23
[5]


0
[0]


23
[5]




商事事業


409
[104]


5
[0]


414
[104]




海外事業


67
[6]


2
[0]


69
[6]




加工事業


808
[1,956]


0
[0]


808
[1,956]




物流事業


19
[7]


0
[0]


19
[7]




    報告セグメント計


1,326
[2,078]


7
[0]


1,333
[2,078]




全社（共通）


251
[67]


0
[0]


251
[67]




合計


1,577
[2,145]


7
[0]


1,584
[2,145]





  （注）１．従業員数は就業人員であり、臨時従業員数は［  ］内に年間の平均人員を外数で記載しております。
        ２．全社（共通）として記載されている従業員数は、特定のセグメントに区分できない管理部門等に所属しているものであります。
３．前連結会計年度末に比べ従業員数が1,232名増加しておりますが、主な理由は㈱マルハニチロホールディングス、㈱マルハニチロ食品、㈱マルハニチロ畜産、㈱マルハニチロマネジメント及び㈱アクリフーズとの合併によるものであります。
４．平均年間給与は、賞与及び基準外賃金を含んでおります。
 
(3）労働組合の状況
  当社グループの従業員の加入する労働組合は、陸上職員のマルハニチロユニオン、船員及び事業員の全日本海員組合等があり、マルハニチロユニオン等は日本食品関連産業労働組合総連合会に加盟しております。
  労使関係について特に記載すべき事項はありません。
 