（セグメント情報等）
【セグメント情報】
１．報告セグメントの概要
　当社の報告セグメントは、当社の構成単位のうち分離された財務情報が入手可能であり、取締役会が経営資源の配分の決定及び業績を評価するために、定期的に検討を行う対象となっているものであります。
　当社は、主に業務用インクジェットプリンタ、カッティングプロッタを生産・販売しており、国内においては当社が、北米、欧州、アジア・オセアニア、中南米の各地域を現地法人がそれぞれ担当しております。現地法人はそれぞれ独立した経営単位であり、取り扱う製品について各地域の包括的な戦略を立案し、事業活動を展開しております。
　したがって、当社は生産・販売体制を基礎とした地域別のセグメントから構成されており、「日本」、「北米」、「欧州」、「アジア・オセアニア」及び「中南米」の５つを報告セグメントとしております。
 
２．報告セグメントごとの売上高、利益または損失、資産、負債その他の項目の金額の算定方法
　　　報告されているセグメントの会計処理の方法は、「連結財務諸表作成のための基本となる重要な事項」における記載と同一であります。
　　　セグメントの利益は、営業利益をベースにした数値であります。
　　　セグメント間の内部収益及び振替高は、市場実勢価格に基づいております。
 

３．報告セグメントごとの売上高、利益または損失、資産、負債その他の項目の金額に関する情報


  前連結会計年度（自平成25年４月１日  至平成26年３月31日）
























 


 


 


 


 



（単位：千円）





 



日本




北米




欧州




アジア・オセアニア




中南米




合計






売上高



 


 


 


 


 


 





外部顧客への売上高




12,656,623




6,632,936




13,814,511




5,155,724




2,103,195




40,362,991






セグメント間の内部売上高または振替高




20,970,710




13,015




36,493




4,994,333




446




26,014,999






計




33,627,334




6,645,952




13,851,005




10,150,057




2,103,641




66,377,991






セグメント利益または損失（△）




2,886,961




164,504




266,600




197,668




△202,130




3,313,603






セグメント資産




25,908,741




2,981,140




5,380,077




5,000,979




1,579,671




40,850,611






その他の項目



 


 


 


 


 


 





減価償却費




922,169




92,995




117,062




191,679




20,055




1,343,962






有形固定資産及び無形固定資産の増加額




1,220,571




159,793




224,737




220,102




51,910




1,877,115






 

  当連結会計年度（自平成26年４月１日  至平成27年３月31日）
























 


 


 


 


 



（単位：千円）





 



日本




北米




欧州




アジア・オセアニア




中南米




合計






売上高



 


 


 


 


 


 





外部顧客への売上高




12,564,052




7,910,467




16,148,464




7,231,642




2,782,986




46,637,613






セグメント間の内部売上高または振替高




28,093,566




73,488




32,092




6,454,527




10




34,653,685






計




40,657,618




7,983,956




16,180,556




13,686,170




2,782,997




81,291,298






セグメント利益




4,229,558




251,950




387,850




402,897




34,751




5,307,007






セグメント資産




34,150,408




4,588,181




6,226,968




6,305,018




1,872,236




53,142,812






その他の項目



 


 


 


 


 


 





減価償却費




1,059,164




116,106




122,088




261,732




33,725




1,592,816






有形固定資産及び無形固定資産の増加額




2,880,943




121,530




123,780




315,306




35,824




3,477,385






 

４．報告セグメント合計額と連結財務諸表計上額との差額及び当該差額の主な内容（差異調整に関する事項）

（単位：千円）
















利益



前連結会計年度


当連結会計年度







　報告セグメント計




3,313,603




5,307,007





　セグメント間取引消去



△355,827




△815,614






　連結財務諸表の営業利益




2,957,775




4,491,393






（単位：千円）
















資産



前連結会計年度


当連結会計年度







　報告セグメント計




40,850,611




53,142,812





　全社資産（注）



1,900,907




3,891,271





　セグメント間の取引消去



△10,683,793




△13,554,468






　連結財務諸表の資産合計




32,067,725




43,479,615






（注）全社資産は、主に報告セグメントに帰属しない現金及び預金等であります。
　（単位：千円）























 
その他の項目
 


報告セグメント計


調整額


連結財務諸表計上額




前連結会計年度


当連結会計年度


前連結会計年度


当連結会計年度


前連結会計年度


当連結会計年度







減価償却費




1,343,962




1,592,816




△87,420




△109,948




1,256,541




1,482,868






有形固定資産及び無形固定資産の増加額




1,877,115




3,477,385




△123,268




△89,214




1,753,847




3,388,170






 

【関連情報】

前連結会計年度（自平成25年４月１日  至平成26年３月31日）
１．製品及びサービスごとの情報

　　当社は、単一の製品・サービスの区分の外部顧客への売上高が連結損益計算書の売上高の90％を超える　　　ため、記載を省略しております。

 
　　２．地域ごとの情報
(1）売上高
（単位:千円）





















　日本


　北米


　欧州


　アジア・オセアニア


　その他


　計






10,491,639


6,004,295


12,736,421


7,233,544


3,897,089


40,362,991





　（注）売上高は顧客の所在地を基礎とし、国または地域に分類しております。
 
(2）有形固定資産
（単位:千円）





















　日本


　北米


　欧州


　アジア・オセアニア


　中南米


　計






5,261,592


160,797


165,304


593,369


85,221


6,266,285





 
　　３．主要な顧客ごとの情報

　　外部顧客への売上高のうち、連結損益計算書の売上高の10％を占める顧客が存在しないため、記載を省略しております。

 
当連結会計年度（自平成26年４月１日  至平成27年３月31日）
１．製品及びサービスごとの情報

　　当社は、単一の製品・サービスの区分の外部顧客への売上高が連結損益計算書の売上高の90％を超える　　　ため、記載を省略しております。

 
　　２．地域ごとの情報
(1）売上高
（単位:千円）





















　日本


　北米


　欧州


　アジア・オセアニア


　その他


　計






10,770,763


6,900,091


15,122,382


8,933,677


4,910,699


46,637,613





　（注）売上高は顧客の所在地を基礎とし、国または地域に分類しております。
 
(2）有形固定資産
（単位:千円）





















　日本


　北米


　欧州


　アジア・オセアニア


　中南米


　計






7,037,626


195,660


115,301


737,905


49,372


8,135,866





 
　　３．主要な顧客ごとの情報

　　外部顧客への売上高のうち、連結損益計算書の売上高の10％を占める顧客が存在しないため、記載を省略しております。

 
【報告セグメントごとの固定資産の減損損失に関する情報】
　該当事項はありません。
 

【報告セグメントごとののれんの償却額及び未償却残高に関する情報】

　該当事項はありません。
 
【報告セグメントごとの負ののれん発生益に関する情報】
　該当事項はありません。
 